131070
187758
147366
149028
119757
163669
136643
129356
195756
123254
184825
159072
122445
180326
192708
123676
136556
115301
138940
119060
135738
105280
158866
128598
112801
120786
185724
150996
123848
194601
181837
129596
141380
156084
114334
105188
151762
116543
146200
189886
124912
118139
177823
105625
193903
133963
154921
173769
166142
169488
158924
121426
161523
150607
149092
144363
118379
139445
111701
169739
164257
183813
194554
122109
124686
162213
168274
142802
163023
173896
135883
178027
175996
158267
114265
102771
143431
109165
152694
132728
154503
161658
136085
162413
151895
119883
168642
131224
102852
176553
118072
100372
113617
189023
121747
150135
115393
181300
147751
163580
