1854
1813
1640
1952
1572
1643
1185
1458
1797
1144
1289
1664
1922
1980
1192
1288
1240
1269
1863
1110
1022
1959
1961
1318
1000
1948
1502
1449
1950
1031
1193
1288
1103
1922
1605
1909
1989
1710
1911
1681
1662
1435
1673
1243
1853
1430
1449
1035
1373
1037
1709
1504
1909
1994
1031
1970
1118
1616
1238
1264
1519
1413
1373
1998
1850
1646
1815
1846
1279
1418
1976
1758
1872
1388
1052
1894
1322
1797
1547
1532
1397
1395
1761
1909
1365
1789
1408
1442
1593
1991
1555
1696
1994
1201
1868
1107
1089
1800
1326
1433
