3023
9505
2686
6282
5449
9434
4644
4829
9356
9834
7875
2051
2232
2780
6881
9837
2546
1461
3968
9488
7313
2122
7306
7696
4595
8678
9988
7348
4356
5515
1117
3040
2067
5144
5089
2117
2297
9478
1604
2969
4630
4610
5716
3937
6454
4191
1299
9613
4196
4395
3615
1142
3805
1892
1527
6403
3821
4737
2679
4120
2251
3516
9636
8779
1702
8367
7138
1526
2940
1856
1600
8866
2975
9442
5766
1121
1536
4373
4358
7392
2398
5463
5225
3023
2455
6400
3177
5180
7927
7439
6044
2005
9263
8384
6168
7694
2312
7194
1621
5065
2026
7806
3421
7108
6578
1003
1638
3034
7301
8667
3244
2974
8319
3855
8947
2820
2940
4148
3784
1031
9575
4310
1887
1712
8791
1294
5945
2921
6788
1110
4058
6614
6889
5047
4511
1126
7783
4205
8927
9568
1711
6214
1486
2602
4287
4761
5172
7162
5482
4649
7925
6353
8100
9499
2326
9092
2298
5910
7255
5390
1216
5768
7882
1797
2558
9736
6465
9399
9502
8312
2528
5182
7542
7180
7108
8193
2652
8236
1724
5094
8287
1312
3444
9656
6217
4537
6802
1117
5540
1918
7960
6019
4511
7552
8354
8983
3866
3132
5486
4703
