27557866
27711097
27150870
27731599
27691100
27096099
27264998
27658896
27799131
27532510
27344932
27847940
27439343
27576327
27094375
27494214
27894548
27562918
27715136
27153208
27720252
27670141
27669005
27196588
27993517
27281079
27849275
27138255
27281262
27367577
27291126
27512923
27999677
27113683
27260290
27529483
27406411
27789131
27232185
27433774
27351438
27970693
27380477
27690868
27378423
27325463
27195501
27123402
27741757
27909536
27270991
27113976
27701229
27399296
27880218
27168397
27803875
27418673
27099956
27846617
27858743
27649931
27286829
27864706
27961165
27311030
27984952
27943894
27906085
27793969
27900366
27432163
27750438
27340642
27999582
27754015
27819794
27793021
27292613
27268633
27516134
27870919
27154590
27182988
27486043
27785378
27370628
27618718
27417406
27066459
27463912
27714627
27311060
27043534
27632493
27557357
27451053
27962378
27670828
27182310
27090331
27504050
27297861
27875918
27401593
27582453
27094607
27848455
27721103
27594537
27856852
27703423
27228876
27731903
27618692
27599984
27728676
27657516
27666242
27913242
27652373
27747770
27775334
27764410
27540085
27998897
27048532
27467816
27179062
27299269
27186220
27822335
27481801
27057820
27946958
27531487
27818543
27916664
27398387
27806403
27732217
27745436
27253952
27574789
27298485
27573091
27874195
27774923
27310018
27946421
27381971
27684605
27881957
27867209
27797398
27921389
27889855
27782158
27454720
27822044
27155462
27933585
27646664
27294746
27680445
27521288
27753074
27676809
27048973
27639300
27271403
27904234
27676339
27276735
27514311
27987140
27365750
27583753
27143374
27001133
27520726
27319681
27815541
27056009
27868128
27767675
27335462
27653129
27176345
27734764
27842611
27312690
27870985
27396031
27107747
27616103
27980900
27928980
27145524
27620389
27792129
27099062
27664982
27609953
27792365
27582414
27906643
27251475
27032355
27940647
27765054
27258945
27250070
27250237
27389210
27820121
27388826
27877970
27422846
27919702
27585350
27101088
27822382
27698320
27544891
27974044
27711114
27126509
27941995
27008831
27518296
27463634
27699817
27094090
27370409
27800859
27184156
27363495
27049044
27587378
27520036
27741693
27510915
27955706
27835796
27180555
27627583
27434503
27607323
27749743
27963262
27289452
27692076
27532206
27237491
27857927
27629701
27149263
27903878
27609634
27484578
27829492
27236602
27061238
27705016
27288156
27581075
27084489
27358343
27802420
27771892
27446364
27361277
27836439
27452245
27482487
27360427
27346697
27294633
27339329
27131362
27646657
27498583
27608007
27243883
27528923
27469294
27341061
27282987
27699417
27657203
27318742
27902215
27167104
27521804
27356774
27934146
27263461
27702695
27050829
27388931
27884030
27888338
27159377
27698643
27253037
27096529
27155951
27060245
27217009
27229678
27970792
27206116
27019948
27667992
27976371
27477534
27453616
27211981
27088767
27816347
27410603
27191842
27777418
27762488
27703255
27709190
27851398
27267494
27568282
27647276
27447853
27964714
27581215
27493477
27183406
27570398
27613114
27713005
27321323
27754532
27208022
27400009
27571390
27288602
27553842
27109872
27499346
27255024
27058280
27607244
27380280
27478851
27084801
27993005
27884497
27961564
27127778
27691770
27946829
27118370
27914819
27007238
27795444
27334929
27901281
27190449
27430956
27704007
27683749
27132392
27954189
27522628
27216113
27405765
27524982
27026073
27426778
27899559
27270283
27100959
27158240
27528333
27140081
27618609
27168033
27454809
27671808
27630449
27912566
27119127
27180864
27822916
27902148
27672152
27409466
27749389
27513393
27389632
27176581
27609275
27290991
27881918
27017687
27880326
27874510
27495546
27693298
27595130
27936423
27217643
27735581
27255685
27396086
27711889
27958439
27561317
27242783
27402281
27875320
27364255
27418456
27373862
27602850
27233471
27589259
27420714
27894017
27779214
27578431
27600056
27497687
27748118
27883073
27475943
27514616
27375851
27118010
27893311
27086608
27089137
27707459
27698251
27481462
27055953
27611622
27030936
27083574
27875044
27269970
27016924
27082268
27067978
27847505
27542295
27151790
27916055
27460417
27224688
27835865
27902292
27322681
27082396
27524474
27993144
27886945
27651842
27203891
27311330
27426131
27420877
27028902
27255587
27220094
27736289
27445187
27308470
27962827
27178341
27808934
27317642
27826748
27721146
27392356
27764273
27776533
27997091
27823552
27467924
27941966
27512612
27222951
27189995
27622737
27175789
27391895
27025509
27432866
27443849
27777598
