1002 1007 1004 1002
7601 1009 1008 4630
1007 1001 1002 3049
2193 1008 1003 1007
1006 1002 1004 1004
1000 1003 1002 9715
1000 1003 9411 1006
1006 1007 1007 5533
1008 1007 1008 1007
1001 1000 1008 1003
1001 3885 1001 1001
1006 1000 1003 1006
1004 1003 3546 1008
1009 1007 1001 1002
1005 1000 1002 1007
1008 1003 1004 1002
4012 1008 1004 1007
1007 1009 5255 1007
1002 1003 1003 1001
1009 1006 1006 1006
1005 1004 1002 1006
1005 1002 1005 1008
1009 1005 4894 1001
1005 1001 1007 1004
5754 1006 1004 1007
1005 1007 1009 8386
1005 1005 1007 1004
1005 1003 7053 1009
3162 1006 1003 1001
1006 1003 1007 1006
1008 1007 1007 1005
1009 1006 1004 1007
1006 1007 1005 6889
1003 1001 1008 1001
1004 1002 1003 1002
1009 1001 1002 1005
1002 1005 1001 1004
1007 1005 1004 1003
1000 1008 1001 7202
1003 1001 1002 1008
1004 1003 4395 1007
1006 1009 1000 1008
1006 1006 1008 1003
1005 1007 1009 1009
1007 1003 1007 1006
1008 1006 1005 1008
1000 1006 1007 1008
1003 1008 1000 1007
2458 1005 1007 1000
1002 1001 1003 1003
