55 75 50 43
93 55 74 78
31 87 75 69
54 83 94 17
40 42 37 55
28 53 43 63
94 67 78 34
65 27 35 14
84 18 58 50
28 74 20 19
89 70 23 18
30 93 33 39
18 59 73 68
63 14 20 30
39 27 88 41
73 59 97 34
63 89 56 44
13 22 16 28
45 38 16 86
10 97 44 28
41 15 16 92
90 39 51 37
20 81 24 71
63 86 96 99
79 75 25 51
19 95 51 59
44 40 98 36
35 47 72 18
82 88 27 24
12 11 40 45
62 14 90 61
60 54 72 62
56 53 29 56
22 80 62 82
32 24 93 36
15 84 52 35
37 10 46 15
92 14 29 27
11 56 26 28
15 12 25 48
22 44 69 95
75 82 47 23
10 20 50 86
43 77 21 73
20 22 38 70
34 61 34 85
45 61 48 59
54 26 41 64
82 66 32 98
29 76 80 43
42 58 31 62
93 19 27 52
72 64 54 81
42 49 52 61
85 12 40 26
85 92 98 87
60 45 99 23
42 67 95 29
11 30 26 21
17 76 35 89
35 31 91 91
67 49 83 94
16 31 32 66
15 67 25 76
64 79 23 68
36 57 83 38
65 85 34 38
91 69 51 13
71 78 65 13
53 42 48 46
84 84 31 87
46 79 41 81
69 12 39 98
70 88 41 71
81 57 73 25
47 53 45 77
17 40 17 89
33 96 58 37
30 79 48 21
92 96 33 99
96 78 68 46
77 36 13 23
64 90 32 32
77 14 90 66
57 74 30 44
97 86 49 46
10 24 11 94
60 33 22 39
19 97 12 74
87 66 99 60
33 37 21 88
16 24 68 58
29 18 47 80
83 17 91 95
70 57 25 36
80 50 43 52
19 38 13 76
11 71 26 21
49 72 55 65
